<?xml version="1.0" standalone="no"?>
<!DOCTYPE svg PUBLIC "-//W3C//DTD SVG 20010904//EN"
 "http://www.w3.org/TR/2001/REC-SVG-20010904/DTD/svg10.dtd">
<svg version="1.0" xmlns="http://www.w3.org/2000/svg"
 width="1821.000000pt" height="775.000000pt" viewBox="0 0 1821.000000 775.000000"
 preserveAspectRatio="xMidYMid meet">

<g transform="translate(0.000000,775.000000) scale(0.100000,-0.100000)"
fill="#000000" stroke="none">
<path d="M3431 7739 c-291 -25 -633 -124 -976 -282 -122 -56 -425 -214 -425
-222 0 -2 51 20 113 49 763 359 1477 440 1993 225 162 -67 356 -224 451 -364
51 -76 103 -180 137 -274 32 -89 30 -108 -6 -54 -71 107 -233 232 -413 319
-507 244 -1096 232 -1640 -35 -131 -65 -345 -198 -390 -243 -11 -11 23 8 75
42 329 215 713 330 1099 330 423 0 850 -151 1059 -375 74 -78 102 -137 102
-211 0 -54 -1 -56 -22 -50 -90 26 -182 30 -291 14 -424 -62 -1000 -421 -1533
-954 l-181 -181 -94 -37 c-298 -119 -548 -300 -869 -630 l-115 -119 53 6 c28
3 52 4 52 1 0 -3 -32 -41 -72 -84 l-71 -78 -51 18 c-75 26 -174 72 -255 119
-68 40 -257 179 -351 258 -73 61 113 -140 200 -216 87 -77 187 -149 247 -180
24 -12 43 -23 43 -26 0 -2 -14 -12 -30 -20 -50 -26 -110 -21 -182 14 l-63 32
50 -51 c105 -107 228 -166 374 -179 l84 -7 61 75 c353 435 726 750 1125 951
86 43 149 55 346 66 417 23 704 -110 877 -407 l32 -57 55 45 c109 88 197 117
358 117 l112 0 -15 33 c-8 18 -21 49 -30 69 -8 20 -13 38 -11 40 6 6 187 42
277 54 123 17 329 14 425 -5 149 -31 256 -93 376 -218 l56 -59 73 21 c40 11
74 22 77 24 2 3 -13 31 -33 63 -81 126 -304 319 -421 365 -63 24 -191 31 -270
16 l-41 -8 24 60 c27 66 44 144 44 199 l0 36 -46 -69 c-155 -237 -259 -221
-394 60 -119 251 -160 339 -156 342 2 3 38 -11 80 -31 97 -44 175 -121 241
-234 26 -46 54 -86 61 -89 29 -11 66 10 135 74 l70 67 -7 50 c-10 78 -67 278
-118 416 -40 108 -44 126 -32 139 42 47 45 186 6 335 -24 95 -100 258 -167
359 -115 173 -327 348 -527 436 -206 90 -487 132 -745 110z m1358 -1084 c1
-36 -16 6 -22 55 l-6 45 14 -40 c7 -22 14 -49 14 -60z m-339 -68 c0 -8 -12
-24 -26 -38 -15 -13 -35 -43 -46 -66 -21 -48 -36 -61 -44 -40 -8 21 21 75 64
120 38 39 52 46 52 24z m55 -7 c4 -6 -9 -28 -29 -50 -20 -22 -42 -55 -50 -75
-14 -32 -46 -49 -46 -25 0 19 32 74 69 117 37 45 46 50 56 33z m279 -130 c39
-47 83 -148 105 -239 21 -88 19 -111 -9 -111 -25 0 -26 4 -44 90 -17 78 -60
179 -99 232 -44 59 0 84 47 28z m-1032 -640 c108 -36 189 -76 295 -146 112
-75 193 -152 193 -186 0 -36 -25 -58 -66 -58 -31 0 -47 12 -133 98 -112 112
-244 209 -383 282 -54 28 -98 53 -98 54 0 8 114 -18 192 -44z m-72 -280 c136
-35 344 -142 404 -209 24 -27 24 -88 0 -106 -33 -25 -64 -17 -118 31 -221 200
-501 283 -850 254 -72 -6 -159 -16 -194 -21 -35 -6 -65 -9 -68 -6 -7 6 301 65
401 77 127 14 327 5 425 -20z"/>
<path d="M2229 6823 c-13 -16 -12 -17 4 -4 16 13 21 21 13 21 -2 0 -10 -8 -17
-17z"/>
<path d="M14 4828 c13 -156 47 -474 116 -1103 38 -346 97 -902 130 -1235 82
-827 88 -868 152 -971 60 -99 208 -158 398 -159 140 0 183 32 278 212 33 62
182 345 332 628 402 760 627 1175 662 1223 12 16 46 -45 303 -548 159 -311
292 -562 296 -557 11 11 56 244 74 376 31 238 39 435 27 644 -22 361 -16 341
-211 730 -93 185 -183 356 -199 378 -46 63 -99 84 -213 84 -133 -1 -234 -16
-282 -42 -64 -36 -67 -40 -477 -823 -355 -678 -464 -875 -475 -863 -4 4 -66
572 -125 1158 -49 478 -93 865 -106 913 -5 23 -11 24 -117 30 -62 4 -215 7
-341 7 l-229 0 7 -82z"/>
<path d="M2700 4663 c193 -324 316 -699 366 -1114 24 -195 24 -570 0 -767 -80
-663 -314 -1295 -692 -1867 -190 -288 -342 -474 -588 -721 l-181 -180 70 13
c649 123 1319 616 1776 1306 348 525 570 1141 628 1742 25 252 22 591 -5 765
l-6 35 244 74 c689 210 929 327 1012 493 26 52 36 148 18 174 -5 8 -389 21
-1252 42 -685 18 -1283 34 -1329 37 l-83 5 22 -37z"/>
<path d="M4390 3475 l0 -235 53 0 52 0 212 -743 211 -742 236 -3 235 -2 11 42
c52 194 191 692 194 695 2 3 7 -4 10 -14 5 -17 163 -594 185 -680 l12 -43 230
0 c229 0 230 0 238 23 5 12 102 347 216 745 l208 722 54 0 53 0 -2 233 -3 232
-300 0 -300 0 -3 -232 -2 -233 56 0 c49 0 56 -2 52 -18 -3 -9 -43 -194 -89
-410 -46 -215 -86 -392 -89 -392 -3 0 -55 184 -116 408 l-111 407 53 3 54 3 0
234 0 235 -325 0 -325 0 0 -235 0 -235 56 0 c48 0 55 -2 50 -17 -3 -10 -53
-193 -111 -407 -57 -214 -107 -391 -109 -393 -2 -2 -6 7 -10 20 -12 51 -166
778 -166 787 0 6 25 10 55 10 l55 0 -2 233 -3 232 -387 3 -388 2 0 -235z"/>
<path d="M6920 3475 l0 -235 55 0 55 0 0 -505 0 -505 -55 0 -55 0 0 -230 0
-230 395 0 395 0 0 230 0 230 -50 0 -50 0 0 160 0 160 175 0 175 0 0 -160 0
-160 -50 0 -50 0 0 -230 0 -230 400 0 400 0 0 230 0 230 -60 0 -60 0 0 505 0
504 58 3 57 3 0 230 0 230 -395 0 -395 0 0 -230 0 -230 48 -3 47 -3 0 -145 0
-144 -175 0 -175 0 0 144 0 145 48 3 47 3 0 230 0 230 -392 3 -393 2 0 -235z"/>
<path d="M8827 3703 c-4 -3 -7 -109 -7 -235 l0 -228 60 0 60 0 0 -397 c0 -530
12 -635 91 -799 89 -188 244 -283 490 -301 327 -23 552 132 629 434 34 130 40
232 40 656 l0 407 60 0 60 0 0 235 0 235 -280 0 -280 0 0 -235 0 -235 36 0 35
0 -4 -457 c-4 -494 -5 -507 -58 -564 -22 -24 -35 -29 -74 -29 -95 0 -137 51
-155 192 -5 40 -10 250 -10 466 l0 392 35 0 35 0 0 235 0 235 -378 0 c-208 0
-382 -3 -385 -7z"/>
<path d="M10394 3697 c-2 -7 -3 -111 -2 -232 l3 -220 52 -3 c49 -3 53 -5 61
-35 5 -18 101 -353 213 -745 l203 -712 235 2 235 3 101 367 c55 203 102 368
105 368 3 0 50 -166 105 -368 l100 -367 232 -3 233 -2 5 22 c4 13 100 347 214
743 l207 720 52 3 52 3 0 235 0 234 -300 0 -300 0 0 -235 0 -235 50 0 c36 0
50 -4 50 -14 0 -18 -169 -798 -174 -803 -2 -3 -7 4 -10 14 -17 55 -216 788
-216 795 0 4 25 8 55 8 l55 0 -2 233 -3 232 -325 0 -325 0 -3 -232 -2 -233 55
0 c30 0 55 -3 55 -7 0 -16 -213 -798 -219 -805 -4 -4 -44 169 -89 385 -46 215
-86 400 -88 410 -5 15 2 17 50 17 l56 0 0 235 0 235 -385 0 c-303 0 -387 -3
-391 -13z"/>
<path d="M12920 3475 l0 -235 60 0 60 0 -2 -502 -3 -503 -57 -3 -58 -3 0 -229
0 -230 395 0 395 0 0 230 0 230 -45 0 -45 0 0 160 0 160 175 0 176 0 -3 -157
-3 -158 -47 -3 -48 -3 0 -230 0 -229 395 0 395 0 0 230 0 230 -55 0 -55 0 0
505 0 505 55 0 55 0 0 235 0 235 -395 0 -395 0 0 -235 0 -235 50 0 50 0 0
-145 0 -145 -175 0 -175 0 0 145 0 145 45 0 45 0 0 235 0 235 -395 0 -395 0 0
-235z"/>
<path d="M14830 3475 l0 -235 55 0 55 0 0 -347 c0 -543 17 -692 100 -859 90
-184 248 -276 498 -291 304 -18 524 125 608 396 37 119 46 230 51 669 l6 432
53 0 54 0 0 235 0 235 -280 0 -280 0 0 -235 0 -235 41 0 41 0 -5 -442 c-4
-494 -8 -529 -66 -580 -43 -38 -116 -40 -159 -3 -68 57 -82 171 -82 683 l0
342 35 0 35 0 0 235 0 235 -380 0 -380 0 0 -235z"/>
<path d="M16497 3703 c-4 -3 -7 -109 -7 -235 l0 -228 60 0 60 0 0 -505 0 -505
-60 0 -60 0 0 -230 0 -230 408 0 c600 0 758 17 898 95 223 125 379 414 402
743 29 430 -108 783 -374 961 -132 89 -242 117 -499 131 -197 11 -818 13 -828
3z m870 -480 c89 -26 155 -114 182 -243 22 -100 30 -251 20 -355 -26 -285 -95
-372 -306 -391 l-73 -7 0 511 0 512 63 -6 c34 -3 85 -13 114 -21z"/>
<path d="M10620 1506 c-181 -47 -284 -143 -316 -299 -27 -128 2 -255 77 -341
48 -54 151 -107 247 -126 78 -16 273 -8 357 14 93 25 95 30 95 222 0 217 13
204 -203 204 -113 0 -167 -4 -175 -12 -16 -16 -16 -80 0 -96 8 -8 45 -12 100
-12 l88 0 0 -90 c0 -88 -1 -91 -26 -100 -39 -15 -156 -12 -212 6 -97 32 -155
106 -168 215 -13 110 44 222 137 269 90 46 240 44 363 -5 35 -14 67 -25 73
-25 15 0 23 24 23 66 0 77 -85 114 -280 120 -86 2 -142 -1 -180 -10z"/>
<path d="M6035 1498 c-2 -7 -6 -141 -7 -298 -2 -207 -6 -291 -16 -307 -16 -30
-67 -38 -119 -20 -52 18 -63 9 -63 -55 0 -69 25 -83 150 -83 103 1 138 12 184
62 41 44 47 103 44 418 l-3 290 -83 3 c-60 2 -84 -1 -87 -10z"/>
<path d="M7308 1493 c-29 -34 -312 -733 -301 -744 5 -5 45 -9 89 -7 l79 3 34
88 34 87 176 -2 175 -3 28 -75 c16 -40 34 -80 40 -87 16 -19 177 -18 184 1 6
16 -292 737 -310 748 -6 4 -56 8 -112 8 -84 0 -103 -3 -116 -17z m172 -288
c33 -82 60 -155 60 -162 0 -10 -29 -13 -125 -13 -70 0 -125 4 -125 9 0 15 122
322 127 318 2 -2 30 -71 63 -152z"/>
<path d="M8707 1503 c-10 -3 -22 -16 -28 -29 -5 -14 -9 -180 -9 -374 0 -393
-8 -360 85 -360 92 0 85 -25 85 299 l1 286 22 -38 c59 -104 311 -495 333 -517
22 -22 34 -25 112 -28 132 -6 123 -37 120 399 l-3 364 -54 3 c-30 2 -65 1 -78
-3 l-23 -5 -2 -272 -3 -272 -52 89 c-29 50 -101 167 -161 260 -127 199 -135
206 -252 204 -41 -1 -83 -3 -93 -6z"/>
<path d="M11982 1498 c-9 -9 -12 -106 -12 -373 0 -267 3 -364 12 -373 13 -13
145 -16 165 -4 9 6 13 60 15 191 l3 184 90 -119 c50 -65 116 -152 148 -192
l58 -73 87 3 c78 3 87 5 90 23 2 13 -47 83 -143 204 -80 101 -145 185 -145
188 0 2 59 68 131 146 142 154 162 183 138 198 -16 10 -139 12 -163 3 -9 -4
-78 -81 -154 -173 l-137 -166 -3 165 c-2 116 -6 166 -15 172 -20 12 -152 9
-165 -4z"/>
<path d="M13497 1498 c-16 -12 -17 -39 -15 -383 l3 -370 65 -3 c117 -6 110
-16 110 163 l0 155 40 0 c94 0 138 -42 212 -200 27 -57 55 -108 61 -112 7 -4
49 -8 95 -8 61 0 84 4 88 14 6 14 -79 190 -124 258 -14 22 -41 50 -59 63 l-34
22 56 28 c165 80 151 288 -23 356 -50 20 -81 23 -257 26 -156 4 -204 2 -218
-9z m358 -122 c42 -18 69 -66 61 -111 -12 -63 -77 -95 -193 -95 l-63 0 0 110
0 110 80 0 c47 0 95 -6 115 -14z"/>
<path d="M15013 1503 c-10 -4 -13 -89 -13 -378 0 -331 2 -374 16 -379 28 -11
150 -6 162 6 9 9 12 106 12 373 0 267 -3 364 -12 373 -12 12 -139 16 -165 5z"/>
<path d="M16102 1498 c-9 -9 -12 -106 -12 -373 0 -267 3 -364 12 -373 13 -13
145 -16 165 -4 9 6 13 60 15 191 l3 184 136 -179 c75 -99 143 -185 152 -192
10 -9 42 -12 99 -10 74 3 83 5 86 23 2 13 -46 82 -143 203 -80 101 -145 186
-145 188 0 3 60 70 133 150 142 155 159 180 136 195 -16 10 -139 12 -163 3 -9
-4 -78 -81 -154 -173 l-137 -166 -3 165 c-2 116 -6 166 -15 172 -20 12 -152 9
-165 -4z"/>
</g>
</svg>
